g = 9.7800

table =
  18×2 table
    Var1    Var2
    ____    ____

      0      47 
     50      60 
     60      62 
     70      65 
     80      67 
     90      69 
    100      72 
    110      74 
    120      77 
    130      79 
    140      82 
    150      84 
    160      86 
    170      89 
    180      91 
    190      94 
    200      96 
    210      99 

table_ =
     0    47
    50    60
    60    62
    70    65
    80    67
    90    69
   100    72
   110    74
   120    77
   130    79
   140    82
   150    84
   160    86
   170    89
   180    91
   190    94
   200    96
   210    99

m =
     0
    50
    60
    70
    80
    90
   100
   110
   120
   130
   140
   150
   160
   170
   180
   190
   200
   210

l =
    47
    60
    62
    65
    67
    69
    72
    74
    77
    79
    82
    84
    86
    89
    91
    94
    96
    99

y0 = 47

m_kg =
         0
    0.0500
    0.0600
    0.0700
    0.0800
    0.0900
    0.1000
    0.1100
    0.1200
    0.1300
    0.1400
    0.1500
    0.1600
    0.1700
    0.1800
    0.1900
    0.2000
    0.2100

d_cm =
     0
    13
    15
    18
    20
    22
    25
    27
    30
    32
    35
    37
    39
    42
    44
    47
    49
    52

d_mt =
         0
    0.1300
    0.1500
    0.1800
    0.2000
    0.2200
    0.2500
    0.2700
    0.3000
    0.3200
    0.3500
    0.3700
    0.3900
    0.4200
    0.4400
    0.4700
    0.4900
    0.5200

F =
         0
    0.4890
    0.5868
    0.6846
    0.7824
    0.8802
    0.9780
    1.0758
    1.1736
    1.2714
    1.3692
    1.4670
    1.5648
    1.6626
    1.7604
    1.8582
    1.9560
    2.0538

d =
         0
    0.1300
    0.1500
    0.1800
    0.2000
    0.2200
    0.2500
    0.2700
    0.3000
    0.3200
    0.3500
    0.3700
    0.3900
    0.4200
    0.4400
    0.4700
    0.4900
    0.5200

n = 18

x =
         0
    0.1300
    0.1500
    0.1800
    0.2000
    0.2200
    0.2500
    0.2700
    0.3000
    0.3200
    0.3500
    0.3700
    0.3900
    0.4200
    0.4400
    0.4700
    0.4900
    0.5200

y =
         0
    0.4890
    0.5868
    0.6846
    0.7824
    0.8802
    0.9780
    1.0758
    1.1736
    1.2714
    1.3692
    1.4670
    1.5648
    1.6626
    1.7604
    1.8582
    1.9560
    2.0538

sx = 5.4700
sy = 21.6138

xx =
         0
    0.0169
    0.0225
    0.0324
    0.0400
    0.0484
    0.0625
    0.0729
    0.0900
    0.1024
    0.1225
    0.1369
    0.1521
    0.1764
    0.1936
    0.2209
    0.2401
    0.2704

sxx =
    2.0009

yy =
         0
    0.2391
    0.3443
    0.4687
    0.6121
    0.7748
    0.9565
    1.1573
    1.3773
    1.6165
    1.8747
    2.1521
    2.4486
    2.7642
    3.0990
    3.4529
    3.8259
    4.2181

syy = 31.3822

xy =
         0
    0.0636
    0.0880
    0.1232
    0.1565
    0.1936
    0.2445
    0.2905
    0.3521
    0.4068
    0.4792
    0.5428
    0.6103
    0.6983
    0.7746
    0.8734
    0.9584
    1.0680

sxy = 7.9238
D = 6.0953
DD = 97.7240
A = -0.0157
B = 4.0031

Y =
   -0.0157
    0.5047
    0.5847
    0.7048
    0.7849
    0.8650
    0.9850
    1.0651
    1.1852
    1.2653
    1.3854
    1.4654
    1.5455
    1.6656
    1.7456
    1.8657
    1.9458
    2.0659

d =
    0.0157
   -0.0157
    0.0021
   -0.0202
   -0.0025
    0.0152
   -0.0070
    0.0107
   -0.0116
    0.0061
   -0.0162
    0.0016
    0.0193
   -0.0030
    0.0148
   -0.0075
    0.0102
   -0.0121

dd = 1.0e-03 *
    0.2475
    0.2456
    0.0043
    0.4091
    0.0062
    0.2325
    0.0496
    0.1144
    0.1345
    0.0377
    0.2610
    0.0025
    0.3733
    0.0088
    0.2180
    0.0567
    0.1043
    0.1460

sdd = 0.0027
s2 = 1.6575e-04
sA = 0.0074
sB = 0.0221
EA = 46.8866
EB = 0.5527
R = 0.9998
