g = 9.7800

table =
  18×2 table
    Var1    Var2
    ____    ____

      0      47 
    140      60 
    150      61 
    160      61 
    170      62 
    180      63 
    190      64 
    200      65 
    210      66 
    220      67 
    230      68 
    240      69 
    250      70 
    260      70 
    270      71 
    280      72 
    290      73 
    300      74 

table_ =
     0    47
   140    60
   150    61
   160    61
   170    62
   180    63
   190    64
   200    65
   210    66
   220    67
   230    68
   240    69
   250    70
   260    70
   270    71
   280    72
   290    73
   300    74

m =
     0
   140
   150
   160
   170
   180
   190
   200
   210
   220
   230
   240
   250
   260
   270
   280
   290
   300

l =
    47
    60
    61
    61
    62
    63
    64
    65
    66
    67
    68
    69
    70
    70
    71
    72
    73
    74

y0 = 47

m_kg =
         0
    0.1400
    0.1500
    0.1600
    0.1700
    0.1800
    0.1900
    0.2000
    0.2100
    0.2200
    0.2300
    0.2400
    0.2500
    0.2600
    0.2700
    0.2800
    0.2900
    0.3000

d_cm =
     0
    13
    14
    14
    15
    16
    17
    18
    19
    20
    21
    22
    23
    23
    24
    25
    26
    27

d_mt =
         0
    0.1300
    0.1400
    0.1400
    0.1500
    0.1600
    0.1700
    0.1800
    0.1900
    0.2000
    0.2100
    0.2200
    0.2300
    0.2300
    0.2400
    0.2500
    0.2600
    0.2700

F =
         0
    1.3692
    1.4670
    1.5648
    1.6626
    1.7604
    1.8582
    1.9560
    2.0538
    2.1516
    2.2494
    2.3472
    2.4450
    2.5428
    2.6406
    2.7384
    2.8362
    2.9340

d =
         0
    0.1300
    0.1400
    0.1400
    0.1500
    0.1600
    0.1700
    0.1800
    0.1900
    0.2000
    0.2100
    0.2200
    0.2300
    0.2300
    0.2400
    0.2500
    0.2600
    0.2700

n = 18

x =
         0
    0.1300
    0.1400
    0.1400
    0.1500
    0.1600
    0.1700
    0.1800
    0.1900
    0.2000
    0.2100
    0.2200
    0.2300
    0.2300
    0.2400
    0.2500
    0.2600
    0.2700

y =
         0
    1.3692
    1.4670
    1.5648
    1.6626
    1.7604
    1.8582
    1.9560
    2.0538
    2.1516
    2.2494
    2.3472
    2.4450
    2.5428
    2.6406
    2.7384
    2.8362
    2.9340

sx = 3.3700
sy = 36.5772

xx =
         0
    0.0169
    0.0196
    0.0196
    0.0225
    0.0256
    0.0289
    0.0324
    0.0361
    0.0400
    0.0441
    0.0484
    0.0529
    0.0529
    0.0576
    0.0625
    0.0676
    0.0729

sxx = 0.7005

yy =
         0
    1.8747
    2.1521
    2.4486
    2.7642
    3.0990
    3.4529
    3.8259
    4.2181
    4.6294
    5.0598
    5.5093
    5.9780
    6.4658
    6.9728
    7.4988
    8.0440
    8.6084

syy = 82.6020

xy =
         0
    0.1780
    0.2054
    0.2191
    0.2494
    0.2817
    0.3159
    0.3521
    0.3902
    0.4303
    0.4724
    0.5164
    0.5624
    0.5848
    0.6337
    0.6846
    0.7374
    0.7922

sxy = 7.6059
D = 1.2521
DD = 148.9437
A = -0.0076
B = 10.8946

Y =
   -0.0076
    1.4087
    1.5176
    1.5176
    1.6265
    1.7355
    1.8444
    1.9534
    2.0623
    2.1713
    2.2802
    2.3892
    2.4981
    2.4981
    2.6071
    2.7160
    2.8250
    2.9339

d =
    0.0076
   -0.0395
   -0.0506
    0.0472
    0.0361
    0.0249
    0.0138
    0.0026
   -0.0085
   -0.0197
   -0.0308
   -0.0420
   -0.0531
    0.0447
    0.0335
    0.0224
    0.0112
    0.0001

dd =
    0.0001
    0.0016
    0.0026
    0.0022
    0.0013
    0.0006
    0.0002
    0.0000
    0.0001
    0.0004
    0.0009
    0.0018
    0.0028
    0.0020
    0.0011
    0.0005
    0.0001
    0.0000

sdd = 0.0183
s2 = 0.0011
sA = 0.0253
sB = 0.1281
EA = 330.4569
EB = 1.1758
R = 0.9989
