table =
  10×3 table
    Var1    Var2     Var3 
    ____    _____    _____

    0.55    14.85    14.81
     0.6    15.42    15.45
    0.65    16.09    16.14
     0.7    16.88    16.76
    0.75    17.35    17.37
     0.8    17.87    17.92
    0.85    18.37    18.41
     0.9    19.01    18.94
    0.95    19.53    19.62
       1    20.02    19.92

table_ =
    0.5500   14.8500   14.8100
    0.6000   15.4200   15.4500
    0.6500   16.0900   16.1400
    0.7000   16.8800   16.7600
    0.7500   17.3500   17.3700
    0.8000   17.8700   17.9200
    0.8500   18.3700   18.4100
    0.9000   19.0100   18.9400
    0.9500   19.5300   19.6200
    1.0000   20.0200   19.9200

L =
    0.5500
    0.6000
    0.6500
    0.7000
    0.7500
    0.8000
    0.8500
    0.9000
    0.9500
    1.0000

t1 =
   14.8500
   15.4200
   16.0900
   16.8800
   17.3500
   17.8700
   18.3700
   19.0100
   19.5300
   20.0200

t2 =
   14.8100
   15.4500
   16.1400
   16.7600
   17.3700
   17.9200
   18.4100
   18.9400
   19.6200
   19.9200

tp =
   14.8300
   15.4350
   16.1150
   16.8200
   17.3600
   17.8950
   18.3900
   18.9750
   19.5750
   19.9700

T =
    1.4830
    1.5435
    1.6115
    1.6820
    1.7360
    1.7895
    1.8390
    1.8975
    1.9575
    1.9970

x =
    0.5500
    0.6000
    0.6500
    0.7000
    0.7500
    0.8000
    0.8500
    0.9000
    0.9500
    1.0000

y =
    1.4830
    1.5435
    1.6115
    1.6820
    1.7360
    1.7895
    1.8390
    1.8975
    1.9575
    1.9970

n = 10
sx = 7.7500
sy = 17.5365

xx =
    0.3025
    0.3600
    0.4225
    0.4900
    0.5625
    0.6400
    0.7225
    0.8100
    0.9025
    1.0000

sxx = 6.2125

yy =
    2.1993
    2.3824
    2.5969
    2.8291
    3.0137
    3.2023
    3.3819
    3.6005
    3.8318
    3.9880

syy = 31.0260

xy =
    0.8157
    0.9261
    1.0475
    1.1774
    1.3020
    1.4316
    1.5632
    1.7078
    1.8596
    1.9970

sxy = 13.8277
D = 2.0625
DD = 2.7310
A = 0.8632
B = 1.1489

Y =
    1.4951
    1.5526
    1.6100
    1.6675
    1.7249
    1.7824
    1.8398
    1.8973
    1.9547
    2.0122

d =
   -0.0121
   -0.0091
    0.0015
    0.0145
    0.0111
    0.0071
   -0.0008
    0.0002
    0.0028
   -0.0152

dd = 1.0e-03 *
    0.1475
    0.0826
    0.0021
    0.2108
    0.1226
    0.0508
    0.0007
    0.0001
    0.0078
    0.2297

sdd = 8.5465e-04
s2 = 1.0683e-04
sA = 0.0179
sB = 0.0228
EA = 2.0780
EB = 1.9809
R = 0.9984
