table =
  44×2 table
     Var1     Var2
    ______    ____

         0     4.1
      23.4     4.6
      46.9     5.5
        70     6.4
      93.1     7.5
     116.4     7.9
     139.6     8.9
     162.9     9.8
     185.7    10.8
     207.8    11.6
     231.1    12.7
     254.4    13.5
     277.6    14.6
       301    15.8
     324.3    16.2
     347.5    17.1
     370.3    17.8
     393.6    18.1
     420.1    19.1
     443.2    19.3
     466.7    19.7
     489.8    20.3
     512.5    20.6
     535.9    21.3
     559.4    22.5
       583    23.2
     606.2    24.2
     623.4    24.7
     640.7      25
     658.3    25.4
     674.8    25.5
     697.1    25.8
     733.5    26.5
     769.4    27.7
     802.3      28
       837      29
     862.3    29.1
     898.2    29.5
     932.2    29.8
     965.6    30.5
    1007.2    30.8
      1046    31.3
    1085.2    31.8
    1126.3    32.3

table_ = 1.0e+03 *
         0    0.0041
    0.0234    0.0046
    0.0469    0.0055
    0.0700    0.0064
    0.0931    0.0075
    0.1164    0.0079
    0.1396    0.0089
    0.1629    0.0098
    0.1857    0.0108
    0.2078    0.0116
    0.2311    0.0127
    0.2544    0.0135
    0.2776    0.0146
    0.3010    0.0158
    0.3243    0.0162
    0.3475    0.0171
    0.3703    0.0178
    0.3936    0.0181
    0.4201    0.0191
    0.4432    0.0193
    0.4667    0.0197
    0.4898    0.0203
    0.5125    0.0206
    0.5359    0.0213
    0.5594    0.0225
    0.5830    0.0232
    0.6062    0.0242
    0.6234    0.0247
    0.6407    0.0250
    0.6583    0.0254
    0.6748    0.0255
    0.6971    0.0258
    0.7335    0.0265
    0.7694    0.0277
    0.8023    0.0280
    0.8370    0.0290
    0.8623    0.0291
    0.8982    0.0295
    0.9322    0.0298
    0.9656    0.0305
    1.0072    0.0308
    1.0460    0.0313
    1.0852    0.0318
    1.1263    0.0323

g = 9.7800

m_gr = 1.0e+03 *
         0
    0.0234
    0.0469
    0.0700
    0.0931
    0.1164
    0.1396
    0.1629
    0.1857
    0.2078
    0.2311
    0.2544
    0.2776
    0.3010
    0.3243
    0.3475
    0.3703
    0.3936
    0.4201
    0.4432
    0.4667
    0.4898
    0.5125
    0.5359
    0.5594
    0.5830
    0.6062
    0.6234
    0.6407
    0.6583
    0.6748
    0.6971
    0.7335
    0.7694
    0.8023
    0.8370
    0.8623
    0.8982
    0.9322
    0.9656
    1.0072
    1.0460
    1.0852
    1.1263

m_kg =
         0
    0.0234
    0.0469
    0.0700
    0.0931
    0.1164
    0.1396
    0.1629
    0.1857
    0.2078
    0.2311
    0.2544
    0.2776
    0.3010
    0.3243
    0.3475
    0.3703
    0.3936
    0.4201
    0.4432
    0.4667
    0.4898
    0.5125
    0.5359
    0.5594
    0.5830
    0.6062
    0.6234
    0.6407
    0.6583
    0.6748
    0.6971
    0.7335
    0.7694
    0.8023
    0.8370
    0.8623
    0.8982
    0.9322
    0.9656
    1.0072
    1.0460
    1.0852
    1.1263

l_cm =
    4.1000
    4.6000
    5.5000
    6.4000
    7.5000
    7.9000
    8.9000
    9.8000
   10.8000
   11.6000
   12.7000
   13.5000
   14.6000
   15.8000
   16.2000
   17.1000
   17.8000
   18.1000
   19.1000
   19.3000
   19.7000
   20.3000
   20.6000
   21.3000
   22.5000
   23.2000
   24.2000
   24.7000
   25.0000
   25.4000
   25.5000
   25.8000
   26.5000
   27.7000
   28.0000
   29.0000
   29.1000
   29.5000
   29.8000
   30.5000
   30.8000
   31.3000
   31.8000
   32.3000

l_m =
    0.0041
    0.0046
    0.0055
    0.0064
    0.0075
    0.0079
    0.0089
    0.0098
    0.0108
    0.0116
    0.0127
    0.0135
    0.0146
    0.0158
    0.0162
    0.0171
    0.0178
    0.0181
    0.0191
    0.0193
    0.0197
    0.0203
    0.0206
    0.0213
    0.0225
    0.0232
    0.0242
    0.0247
    0.0250
    0.0254
    0.0255
    0.0258
    0.0265
    0.0277
    0.0280
    0.0290
    0.0291
    0.0295
    0.0298
    0.0305
    0.0308
    0.0313
    0.0318
    0.0323

a = 3.2000e-06
e_a = 2.5612e-07

d =
         0
    0.0005
    0.0014
    0.0023
    0.0034
    0.0038
    0.0048
    0.0057
    0.0067
    0.0075
    0.0086
    0.0094
    0.0105
    0.0117
    0.0121
    0.0130
    0.0137
    0.0140
    0.0150
    0.0152
    0.0156
    0.0162
    0.0165
    0.0172
    0.0184
    0.0191
    0.0201
    0.0206
    0.0209
    0.0213
    0.0214
    0.0217
    0.0224
    0.0236
    0.0239
    0.0249
    0.0250
    0.0254
    0.0257
    0.0264
    0.0267
    0.0272
    0.0277
    0.0282

epsilon =
         0
    0.1220
    0.3415
    0.5610
    0.8293
    0.9268
    1.1707
    1.3902
    1.6341
    1.8293
    2.0976
    2.2927
    2.5610
    2.8537
    2.9512
    3.1707
    3.3415
    3.4146
    3.6585
    3.7073
    3.8049
    3.9512
    4.0244
    4.1951
    4.4878
    4.6585
    4.9024
    5.0244
    5.0976
    5.1951
    5.2195
    5.2927
    5.4634
    5.7561
    5.8293
    6.0732
    6.0976
    6.1951
    6.2683
    6.4390
    6.5122
    6.6341
    6.7561
    6.8780

sigma = 1.0e+06 *
         0
    0.0715
    0.1433
    0.2139
    0.2845
    0.3557
    0.4267
    0.4979
    0.5675
    0.6351
    0.7063
    0.7775
    0.8484
    0.9199
    0.9911
    1.0620
    1.1317
    1.2029
    1.2839
    1.3545
    1.4264
    1.4970
    1.5663
    1.6378
    1.7097
    1.7818
    1.8527
    1.9053
    1.9581
    2.0119
    2.0624
    2.1305
    2.2418
    2.3515
    2.4520
    2.5581
    2.6354
    2.7451
    2.8490
    2.9511
    3.0783
    3.1968
    3.3166
    3.4423

x =
         0
    0.1220
    0.3415
    0.5610
    0.8293
    0.9268
    1.1707
    1.3902
    1.6341
    1.8293
    2.0976
    2.2927
    2.5610
    2.8537
    2.9512

y = 1.0e+05 *
         0
    0.7152
    1.4334
    2.1394
    2.8454
    3.5575
    4.2665
    4.9786
    5.6755
    6.3509
    7.0630
    7.7751
    8.4841
    9.1993
    9.9114

n = 15
sx = 21.5610
sy = 7.4395e+06

xx =
         0
    0.0149
    0.1166
    0.3147
    0.6877
    0.8590
    1.3706
    1.9328
    2.6704
    3.3462
    4.3998
    5.2564
    6.5586
    8.1434
    8.7097

sxx = 44.3807

yy = 1.0e+11 *
         0
    0.0511
    0.2055
    0.4577
    0.8096
    1.2656
    1.8203
    2.4787
    3.2211
    4.0334
    4.9886
    6.0452
    7.1981
    8.4627
    9.8236

syy = 5.0861e+12

xy = 1.0e+06 *
         0
    0.0087
    0.0489
    0.1200
    0.2360
    0.3297
    0.4995
    0.6922
    0.9275
    1.1617
    1.4815
    1.7826
    2.1728
    2.6252
    2.9251

sxy = 1.5011e+07
D = 200.8352
DD = 2.0945e+13
A = 3.2430e+04
B = 3.2248e+05

Y = 1.0e+05 *
    0.3243
    0.7176
    1.4255
    2.1334
    2.9986
    3.3132
    4.0997
    4.8076
    5.5942
    6.2234
    7.0886
    7.7178
    8.5830
    9.5269
    9.8415

d = 1.0e+04 *
   -3.2430
   -0.0241
    0.0792
    0.0602
   -1.5319
    2.4430
    1.6680
    1.7101
    0.8129
    1.2749
   -0.2561
    0.5726
   -0.9889
   -3.2759
    0.6990

dd = 1.0e+09 *
    1.0517
    0.0001
    0.0006
    0.0004
    0.2347
    0.5968
    0.2782
    0.2925
    0.0661
    0.1625
    0.0066
    0.0328
    0.0978
    1.0731
    0.0489

sdd = 3.9427e+09
s2 = 3.0328e+08
sA = 8.1865e+03
sB = 4.7594e+03
EA = 25.2440
EB = 1.4758
R = 0.9986
Y = 0.3225
eY = 0.0048
EY = 1.4758

