m = 1.5000
e_m = 0.0100
e_l = 0.0100
e_t = 0.0100

table =
  10×3 table
    Var1    Var2     Var3 
    ____    _____    _____

    0.55    14.85    14.81
     0.6    15.42    15.45
    0.65    16.09    16.14
     0.7    16.88    16.76
    0.75    17.35    17.37
     0.8    17.87    17.92
    0.85    18.37    18.41
     0.9    19.01    18.94
    0.95    19.53    19.62
       1    20.02    19.92

table_ =
    0.5500   14.8500   14.8100
    0.6000   15.4200   15.4500
    0.6500   16.0900   16.1400
    0.7000   16.8800   16.7600
    0.7500   17.3500   17.3700
    0.8000   17.8700   17.9200
    0.8500   18.3700   18.4100
    0.9000   19.0100   18.9400
    0.9500   19.5300   19.6200
    1.0000   20.0200   19.9200

n = 10
i = 1     2     3     4     5     6     7     8     9    10

L =
    0.5500
    0.6000
    0.6500
    0.7000
    0.7500
    0.8000
    0.8500
    0.9000
    0.9500
    1.0000

t1 =
   14.8500
   15.4200
   16.0900
   16.8800
   17.3500
   17.8700
   18.3700
   19.0100
   19.5300
   20.0200

t2 =
   14.8100
   15.4500
   16.1400
   16.7600
   17.3700
   17.9200
   18.4100
   18.9400
   19.6200
   19.9200

tp =
   14.8300
   15.4350
   16.1150
   16.8200
   17.3600
   17.8950
   18.3900
   18.9750
   19.5750
   19.9700

e_tp = 0.0200    0.0150    0.0250    0.0600    0.0100    0.0250    0.0200    0.0350    0.0450    0.0500
e_tp = 0.0200    0.0150    0.0250    0.0600    0.0100    0.0250    0.0200    0.0350    0.0450    0.0500
E_tp = 0.1349    0.1349    0.1349    0.1349    0.1349    0.1349    0.1349    0.1349    0.1349    0.1349

T =
    1.4830
    1.5435
    1.6115
    1.6820
    1.7360
    1.7895
    1.8390
    1.8975
    1.9575
    1.9970

e_T = 0.0020    0.0015    0.0025    0.0060    0.0010    0.0025    0.0020    0.0035    0.0045    0.0050

x =
   -0.5978
   -0.5108
   -0.4308
   -0.3567
   -0.2877
   -0.2231
   -0.1625
   -0.1054
   -0.0513
         0

y =
    0.3941
    0.4341
    0.4772
    0.5200
    0.5516
    0.5819
    0.6092
    0.6405
    0.6717
    0.6916

n = 10
sx = -2.7261
sy = 5.5719

xx =
    0.3574
    0.2609
    0.1856
    0.1272
    0.0828
    0.0498
    0.0264
    0.0111
    0.0026
         0

sxx = 1.1038

yy =
    0.1553
    0.1884
    0.2277
    0.2704
    0.3042
    0.3386
    0.3712
    0.4103
    0.4511
    0.4784

syy = 3.1956

xy =
   -0.2356
   -0.2217
   -0.2056
   -0.1855
   -0.1587
   -0.1299
   -0.0990
   -0.0675
   -0.0345
         0

sxy = -1.3378
D = 3.6067
DD = 0.9104
A = 0.6941
B = 0.5022

Y =
    0.3938
    0.4375
    0.4777
    0.5150
    0.5496
    0.5820
    0.6125
    0.6412
    0.6683
    0.6941

d =
    0.0002
   -0.0035
   -0.0006
    0.0050
    0.0020
   -0.0001
   -0.0033
   -0.0006
    0.0033
   -0.0025

dd = 1.0e-04 *
    0.0005
    0.1222
    0.0034
    0.2516
    0.0387
    0.0001
    0.1060
    0.0042
    0.1109
    0.0602

sdd = 6.9772e-05
s2 = 8.7215e-06
sA = 0.0016
sB = 0.0049
EA = 0.2354
EB = 0.9791
R = 0.9996
e = 2.7183
a = 2.0019
b = 0.5022
sa = 0.0033
sb = 0.0049
Ea = 0.1634
Eb = 0.9791

g = 9.8508
e_g = 0.0322
E_g = 0.3268
