table =
  16×2 table
    Var1     Var2 
    ____    ______

      0     101.33
    0.2     104.97
    0.4     108.31
    0.6     111.64
    0.8     114.82
      1        118
    1.2     121.49
    1.4     124.83
    1.6     128.01
    1.8     131.18
      2     134.68
    2.2     138.18
    2.4     141.67
    2.6     145.01
    2.8     148.19
      3      151.2

table_ =
         0  101.3250
    0.2000  104.9690
    0.4000  108.3060
    0.6000  111.6420
    0.8000  114.8200
    1.0000  117.9970
    1.2000  121.4930
    1.4000  124.8290
    1.6000  128.0070
    1.8000  131.1840
    2.0000  134.6800
    2.2000  138.1750
    2.4000  141.6710
    2.6000  145.0070
    2.8000  148.1850
    3.0000  151.2030

h =
         0
    0.2000
    0.4000
    0.6000
    0.8000
    1.0000
    1.2000
    1.4000
    1.6000
    1.8000
    2.0000
    2.2000
    2.4000
    2.6000
    2.8000
    3.0000

P =
  101.3250
  104.9690
  108.3060
  111.6420
  114.8200
  117.9970
  121.4930
  124.8290
  128.0070
  131.1840
  134.6800
  138.1750
  141.6710
  145.0070
  148.1850
  151.2030

P =
      101325
      104969
      108306
      111642
      114820
      117997
      121493
      124829
      128007
      131184
      134680
      138175
      141671
      145007
      148185
      151203

x =
         0
    0.2000
    0.4000
    0.6000
    0.8000
    1.0000
    1.2000
    1.4000
    1.6000
    1.8000
    2.0000
    2.2000
    2.4000
    2.6000
    2.8000
    3.0000

y =
      101325
      104969
      108306
      111642
      114820
      117997
      121493
      124829
      128007
      131184
      134680
      138175
      141671
      145007
      148185
      151203

n = 16
sx = 24
sy = 2023493

xx =
         0
    0.0400
    0.1600
    0.3600
    0.6400
    1.0000
    1.4400
    1.9600
    2.5600
    3.2400
    4.0000
    4.8400
    5.7600
    6.7600
    7.8400
    9.0000

sxx = 49.6000

yy = 1.0e+10 *
    1.0267
    1.1018
    1.1730
    1.2464
    1.3184
    1.3923
    1.4761
    1.5582
    1.6386
    1.7209
    1.8139
    1.9092
    2.0071
    2.1027
    2.1959
    2.2862

syy = 2.5967e+11

xy = 1.0e+05 *
         0
    0.2099
    0.4332
    0.6699
    0.9186
    1.1800
    1.4579
    1.7476
    2.0481
    2.3613
    2.6936
    3.0398
    3.4001
    3.7702
    4.1492
    4.5361

sxy = 3.2615e+06
D = 217.6000
DD = 6.0261e+10
A = 1.0151e+05
B = 1.6640e+04

Y = 1.0e+05 *
    1.0151
    1.0484
    1.0816
    1.1149
    1.1482
    1.1815
    1.2148
    1.2480
    1.2813
    1.3146
    1.3479
    1.3812
    1.4144
    1.4477
    1.4810
    1.5143

d =
 -182.6397
  133.2706
  142.1809
  150.0912
    0.0015
 -151.0882
   16.8221
   24.7324
 -125.3574
 -276.4471
 -108.5368
   58.3735
  226.2838
  234.1941
   84.1044
 -225.9853

dd = 1.0e+04 *
    3.3357
    1.7761
    2.0215
    2.2527
    0.0000
    2.2828
    0.0283
    0.0612
    1.5714
    7.6423
    1.1780
    0.3407
    5.1204
    5.4847
    0.7074
    5.1069

sdd = 3.8910e+05
s2 = 2.7793e+04
sA = 79.5938
sB = 45.2063
EA = 0.0784
EB = 0.2717
R = 0.9999

g = 9.7800
e_g = 0.0200

p = 1.7015e+03
e_p = 2.0910e-04
E_p = 1.2289e-05
